100
63 1 1
5 12 8
15 7 1
29 3 3
17 3 1
38 6 8
35 5 3
44 2 1
96 1 1
11 9 4
2 33 8
64 5 4
66 5 8
44 6 7
12 7 6
34 2 2
10 6 2
18 5 5
9 4 1
48 5 8
31 3 4
6 7 3
19 7 7
6 6 1
14 8 2
25 6 3
73 5 4
71 3 3
100 2 2
7 10 1
22 2 1
64 2 1
11 7 6
69 5 1
24 6 3
38 4 3
27 5 2
3 20 5
51 5 4
15 2 1
25 5 3
63 4 6
13 7 3
37 6 2
64 4 5
36 4 5
2 28 7
95 5 1
2 26 2
84 5 1
48 4 3
94 5 7
39 5 2
79 4 1
11 9 5
70 2 1
5 13 3
15 7 8
46 3 3
73 3 1
23 6 2
12 8 6
34 1 1
37 4 5
45 4 6
35 6 1
66 3 2
38 5 5
3 16 1
2 30 3
48 5 6
2 17 1
99 3 1
19 1 1
44 2 2
52 4 5
15 8 7
5 10 1
89 2 3
83 4 5
20 3 3
15 5 2
65 3 3
88 5 8
8 10 8
23 7 2
90 3 1
13 4 4
98 2 1
32 3 2
24 6 6
2 17 5
25 4 5
40 4 4
88 4 2
70 5 1
42 6 8
95 2 2
81 3 2
8 9 7